maj3 init:
[[[1, 1, 0, 0]], [[1, 0, 0], [1, 1, 0]], [[0, 0], [1, 0], [1, 1]], [[0], [0], [1], [1]]]

[[[0, 0, 1, 1]], [[1, 0, 0], [0, 1, 1]], [[0, 0], [1, 0], [1, 0]], [[0], [1], [1], [0]]] 
(412, 428, 407, 435, 397, 397, 409, 412, 394, 385)

[[[1, 0, 0, 0]], [[1, 0, 1], [1, 0, 0]], [[1, 0], [1, 1], [0, 0]], [[1], [1], [1], [0]]]
(345, 333, 323, 333, 332, 335, 338, 336, 334, 335)


[[[1, 0, 1, 0]], [[1, 0, 1], [1, 1, 0]], [[1, 0], [1, 1], [0, 1]], [[0], [0], [0], [1]]] with error 316

Determined optimal subshift: [[[0, 1, 0, 0]], [[0, 1, 1], [1, 0, 0]], [[1, 0], [1, 1], [0, 1]], [[1], [0], [1], [1]]] with error 0.13921568

Determined optimal subshift: [[[0, 1, 1, 0]], [[0, 1, 0], [1, 1, 0]], [[1, 1], [0, 0], [1, 0]], [[1], [1], [0], [1]]] with error 0.18774509

Determined optimal subshift: [[[1, 1, 0, 0]], [[1, 1, 0], [0, 0, 1]], [[0, 1], [0, 0], [1, 1]], [[0], [0], [1], [1]]] with error 0.15882352

Determined optimal subshift: [[[0, 1, 0, 1]], [[0, 1, 0], [0, 0, 1]], [[1, 0], [0, 0], [1, 0]], [[1], [0], [0], [0]]] with error 0.17745098

Determined optimal subshift: [[[1, 0, 1, 0]], [[1, 1, 0], [0, 1, 0]], [[1, 1], [1, 0], [1, 1]], [[0], [1], [1], [0]]] with error 0.16911764

[[[1, 1, 0, 1]], [[1, 1, 0], [0, 0, 1]], [[0, 1], [0, 0], [1, 0]], [[0], [0], [1], [0]]] 0.139215686275

Current best array: [[[1, 0, 1, 1, 0, 0]], [[1, 0, 0, 1, 0], [0, 1, 1, 1, 1]], [[0, 1, 0, 0], [0, 1, 1, 0], [1, 1, 1, 1]], [[0, 1, 0], [1, 1, 0], [1, 1, 1], [1, 1, 1]], [[1, 1], [1, 0], [1, 0], [1, 1], [1, 1]], [[1], [1], [1], [1], [0], [0]]] with error 0.171010416667

Current best array: [[[1, 0, 0, 0, 1, 0]], [[1, 0, 0, 1, 0], [1, 1, 0, 1, 1]], [[1, 0, 0, 1], [1, 1, 1, 0], [1, 0, 1, 1]], [[1, 0, 0], [1, 1, 1], [1, 1, 1], [0, 1, 1]], [[1, 0], [1, 1], [1, 1], [0, 1], [0, 0]], [[1], [1], [1], [1], [0], [0]]] with error 0.157166666667

Current best array: [[[0, 1, 1, 1, 0, 0]], [[0, 0, 0, 0, 0], [1, 1, 1, 1, 0]], [[1, 0, 0, 0], [1, 1, 1, 0], [1, 1, 1, 1]], [[1, 1, 0], [0, 0, 0], [1, 1, 0], [0, 1, 0]], [[1, 1], [0, 0], [1, 0], [1, 0], [1, 1]], [[0], [1], [1], [1], [1], [0]]] with error 0.1933125

Current best array: [[[1, 1, 0, 0, 1, 1]], [[1, 1, 0, 1, 1], [1, 1, 0, 0, 1]], [[1, 1, 0, 1], [1, 1, 1, 1], [1, 0, 0, 1]], [[1, 1, 0], [1, 1, 1], [1, 1, 1], [0, 0, 0]], [[0, 1], [1, 1], [1, 1], [0, 1], [0, 0]], [[0], [0], [1], [1], [0], [0]]] with error 0.150833333333
nand3 init:


